🀄	209	186	172	187
🃏	220	214	208	165
🆎	229	88	74	244
🆑	228	79	64	244
🆒	134	159	182	244
🆓	133	159	182	244
🆔	182	120	199	244
🆕	133	159	182	244
🆖	141	164	186	244
🆗	140	163	185	244
🆘	227	79	65	244
🆙	137	161	183	244
🆚	250	172	55	244
🈁	137	161	183	244
🈂	44	131	224	244
🈚	249	175	66	244
🈯	65	196	70	244
🈲	229	103	91	244
🈳	60	140	224	244
🈴	229	92	79	244
🈵	229	102	90	244
🈶	249	173	60	244
🈷	250	171	55	244
🈸	250	173	59	244
🈹	228	97	84	244
🈺	249	175	65	244
🉐	238	62	58	199
🉑	246	157	46	199
🌀	69	106	230	84
🌁	200	209	216	238
🌂	76	53	109	69
🌃	96	131	153	244
🌄	159	133	133	250
🌅	205	160	124	239
🌆	191	140	104	251
🌇	210	153	104	249
🌈	145	95	105	141
🌉	120	114	115	250
🌊	98	136	160	135
🌋	152	128	111	131
🌌	74	93	113	242
🌍	133	155	168	191
🌎	117	146	177	191
🌏	131	154	171	191
🌑	76	85	102	191
🌒	121	117	99	191
🌓	167	154	101	191
🌔	208	189	94	191
🌕	241	210	76	191
🌖	194	176	89	191
🌗	149	137	97	191
🌘	105	103	94	191
🌙	246	216	143	71
🌚	70	76	93	184
🌛	216	178	67	84
🌜	238	219	126	84
🌝	222	196	98	185
🌞	240	180	60	153
🌟	237	202	108	109
🌠	140	162	150	250
🌡	217	197	200	87
🌤	204	159	108	113
🌥	180	172	164	128
🌦	165	174	165	105
🌧	150	191	212	133
🌨	166	191	217	130
🌩	206	202	158	123
🌪	139	145	163	123
🌫	211	211	216	226
🌬	173	178	185	75
🌭	213	164	107	125
🌮	185	154	77	148
🌯	180	170	158	139
🌰	103	50	29	190
🌱	108	167	41	54
🌲	52	90	56	96
🌳	79	110	33	146
🌴	106	124	65	93
🌵	154	193	125	102
🌶	175	63	49	101
🌷	178	134	107	102
🌸	230	148	179	178
🌹	181	92	53	118
🌺	188	63	73	186
🌻	195	161	8	133
🌼	209	167	48	162
🌽	136	146	40	153
🌾	60	57	22	72
🌿	84	149	37	85
🍀	94	176	50	129
🍁	141	57	20	101
🍂	162	101	31	92
🍃	168	189	144	84
🍄	201	124	108	154
🍅	202	107	67	163
🍆	143	107	137	115
🍇	181	110	131	149
🍈	178	182	128	130
🍉	158	113	101	120
🍊	208	146	77	135
🍋	191	177	86	157
🍌	235	215	163	100
🍍	158	139	63	79
🍎	203	92	75	155
🍏	127	169	67	154
🍐	182	183	95	142
🍑	197	119	80	167
🍒	173	111	93	121
🍓	200	124	108	139
🍔	150	103	49	188
🍕	190	117	55	121
🍖	193	146	122	130
🍗	171	122	84	95
🍘	132	102	41	177
🍙	135	132	122	169
🍚	184	182	178	175
🍛	148	135	123	110
🍜	209	192	172	129
🍝	170	147	119	113
🍞	192	145	87	178
🍟	200	96	57	176
🍠	193	130	128	145
🍡	210	195	166	76
🍢	156	129	102	94
🍣	199	139	121	161
🍤	222	159	114	153
🍥	189	183	177	164
🍦	207	184	142	91
🍧	164	154	158	139
🍨	190	178	160	145
🍩	149	112	80	180
🍪	170	125	72	161
🍫	209	139	130	113
🍬	172	168	180	78
🍭	176	165	149	113
🍮	139	112	85	127
🍯	204	158	72	170
🍰	202	178	132	157
🍱	128	87	61	207
🍲	197	197	188	117
🍳	79	74	66	134
🍴	194	197	201	52
🍵	127	125	113	161
🍶	204	204	205	131
🍷	147	118	117	102
🍸	206	205	199	70
🍹	197	186	167	87
🍺	203	176	145	150
🍻	226	207	183	114
🍼	208	192	139	115
🍽	166	169	173	145
🍾	191	191	169	74
🍿	223	167	150	146
🎀	221	130	156	153
🎁	199	118	68	187
🎂	206	193	180	161
🎃	170	107	11	166
🎄	86	102	49	87
🎅	201	168	112	167
🎆	126	104	134	251
🎇	160	121	93	238
🎈	219	137	140	90
🎉	141	95	82	121
🎊	212	167	165	95
🎋	121	113	47	75
🎌	206	191	190	106
🎍	185	182	127	84
🎎	146	125	125	129
🎏	87	73	60	126
🎐	217	219	223	102
🎑	138	143	145	250
🎒	180	73	67	133
🎓	74	65	52	118
🎖	217	162	96	80
🎗	238	197	46	66
🎙	151	153	156	132
🎚	140	141	143	161
🎛	142	146	149	243
🎞	176	146	119	199
🎟	160	73	83	155
🎠	183	171	153	112
🎡	158	114	122	85
🎢	119	138	100	77
🎣	122	134	145	74
🎤	77	78	77	92
🎥	107	108	112	191
🎦	156	175	194	244
🎧	95	95	96	131
🎨	153	117	56	129
🎩	111	107	96	155
🎪	185	143	116	122
🎫	137	129	65	137
🎬	86	86	87	162
🎭	148	101	88	131
🎮	76	75	69	170
🎯	132	94	95	111
🎰	173	149	141	189
🎱	101	101	101	186
🎲	176	175	175	198
🎳	149	139	136	162
🎴	169	144	142	165
🎵	128	134	140	72
🎶	174	178	182	68
🎷	164	139	69	85
🎸	153	78	73	75
🎹	118	119	119	206
🎺	171	144	77	81
🎻	119	76	46	90
🎼	115	115	115	70
🎽	16	146	189	171
🎾	184	202	56	178
🎿	110	157	150	108
🏀	197	115	66	184
🏁	151	151	151	131
🏂	138	132	133	104
🏃	180	140	76	53
🏄	103	138	74	106
🏅	189	129	78	88
🏆	164	113	29	123
🏇	73	58	50	64
🏈	195	131	100	188
🏉	205	162	103	188
🏊	157	156	131	81
🏋	120	93	64	97
🏌	138	131	117	63
🏍	156	158	158	88
🏎	87	31	32	87
🏏	107	61	27	89
🏐	179	179	179	176
🏑	96	86	61	63
🏒	185	152	148	44
🏓	195	101	85	146
🏔	93	109	110	103
🏕	84	83	40	116
🏖	209	196	164	128
🏗	205	184	154	55
🏘	131	108	100	181
🏙	136	168	199	251
🏚	174	151	123	181
🏛	185	179	157	178
🏜	170	118	61	105
🏝	146	166	121	108
🏞	142	188	179	250
🏟	134	115	106	159
🏠	144	119	99	165
🏡	125	131	84	154
🏢	139	149	153	213
🏣	174	159	143	182
🏤	170	156	137	209
🏥	167	161	161	213
🏦	160	167	147	200
🏧	52	114	182	244
🏨	186	153	133	207
🏩	187	139	158	207
🏪	136	159	152	179
🏫	152	140	121	165
🏬	130	136	143	213
🏭	161	122	110	176
🏮	175	86	56	121
🏯	86	81	84	168
🏰	122	104	98	171
🏳	205	205	205	131
🏴	109	109	109	131
🏵	226	166	65	183
🏷	249	225	197	148
🏸	198	188	165	86
🏹	178	167	163	67
🏺	181	147	123	111
🐀	87	80	74	106
🐁	164	150	150	130
🐂	108	78	57	94
🐃	67	59	59	97
🐄	119	112	106	97
🐅	112	82	54	83
🐆	149	130	102	86
🐇	184	182	183	111
🐈	177	158	140	119
🐉	161	178	123	121
🐊	68	91	62	124
🐋	171	196	207	108
🐌	136	109	83	134
🐍	100	116	49	98
🐎	128	122	108	79
🐏	164	159	148	132
🐐	127	113	97	86
🐑	167	165	156	130
🐒	152	108	70	128
🐓	175	139	121	93
🐔	221	166	145	124
🐕	144	108	73	106
🐖	143	114	98	99
🐗	135	121	112	121
🐘	99	100	98	104
🐙	182	100	109	146
🐚	189	180	180	164
🐛	177	178	141	95
🐜	78	62	59	106
🐝	111	100	52	146
🐞	170	139	127	114
🐟	106	126	150	103
🐠	165	186	153	118
🐡	175	151	103	147
🐢	91	115	59	102
🐣	217	181	93	152
🐤	184	147	35	123
🐥	217	156	42	117
🐦	94	116	119	124
🐧	69	63	54	123
🐨	125	110	106	160
🐩	153	153	153	117
🐪	123	87	52	77
🐫	144	110	85	95
🐬	142	198	211	101
🐭	184	178	181	155
🐮	182	172	163	134
🐯	170	152	81	150
🐰	207	194	194	131
🐱	210	164	40	137
🐲	180	187	109	157
🐳	88	184	202	144
🐴	70	62	42	122
🐵	182	145	108	164
🐶	190	156	128	148
🐷	213	161	150	160
🐸	134	160	107	153
🐹	204	168	159	172
🐺	138	138	137	120
🐻	161	131	105	158
🐼	184	180	181	167
🐽	167	114	125	133
🐾	84	84	84	75
🐿	110	75	36	154
👀	153	149	144	134
👁	128	116	110	133
👂	179	124	24	101
👃	229	177	42	91
👄	133	54	69	101
👅	158	85	97	147
👆	218	150	24	84
👇	217	146	26	83
👈	189	137	30	84
👉	182	126	23	84
👊	206	145	29	138
👋	198	148	55	131
👌	214	149	32	100
👍	241	184	51	136
👎	230	167	37	137
👏	209	164	59	119
👐	159	105	21	78
👑	104	90	30	140
👒	166	184	131	152
👓	50	54	52	71
👔	141	165	190	198
👕	138	178	215	139
👖	171	181	209	109
👗	58	160	155	111
👘	219	165	84	172
👙	101	49	51	61
👚	224	152	199	140
👛	171	116	138	146
👜	173	132	106	148
👝	113	87	58	114
👞	119	84	72	114
👟	174	174	172	104
👠	178	109	104	117
👡	129	109	90	96
👢	219	203	182	87
👣	81	81	81	85
👤	97	136	167	123
👥	78	109	135	140
👦	232	182	53	181
👧	224	179	59	180
👨	228	176	44	163
👩	224	179	73	204
👪	179	121	72	221
👫	170	131	72	111
👬	154	120	73	112
👭	196	141	65	109
👮	65	65	46	134
👯	154	113	39	100
👰	211	183	118	195
👱	233	182	50	160
👲	185	130	36	121
👳	213	189	133	156
👴	226	172	38	172
👵	221	171	49	170
👶	220	167	44	164
👷	109	91	38	126
👸	125	95	25	139
👹	158	86	74	182
👺	202	120	113	142
👻	162	157	161	157
👼	204	167	67	148
👽	157	161	162	150
👾	44	35	55	136
👿	145	72	160	179
💀	212	214	214	146
💁	195	142	97	174
💂	108	87	50	123
💃	190	134	89	103
💄	75	36	34	112
💅	171	122	94	115
💆	213	160	59	183
💇	197	149	78	182
💈	133	119	134	109
💉	179	155	156	44
💊	202	152	69	129
💋	146	25	26	87
💌	223	154	154	158
💍	209	214	217	90
💎	165	187	221	117
💏	229	161	92	190
💐	163	155	73	136
💑	219	157	94	208
💒	182	136	162	149
💓	229	78	163	98
💔	217	89	82	124
💕	225	74	156	95
💖	227	82	145	152
💗	212	89	150	116
💘	192	120	181	120
💙	52	124	242	148
💚	80	192	74	148
💛	245	185	87	148
💜	184	94	239	149
💝	220	117	112	160
💞	229	107	177	110
💟	181	117	198	244
💠	166	198	217	146
💡	215	199	153	89
💢	197	69	69	67
💣	117	115	111	174
💤	10	28	55	55
💥	208	82	54	78
💦	50	156	201	107
💧	40	149	204	90
💨	185	198	211	140
💩	167	121	101	114
💪	241	188	61	119
💫	248	216	92	66
💬	204	204	204	176
💭	218	219	219	142
💮	254	144	144	170
💯	235	82	73	63
💰	201	183	148	118
💱	146	146	146	62
💲	157	157	157	67
💳	194	146	124	161
💴	184	179	166	153
💵	203	192	164	153
💶	186	198	185	153
💷	194	176	178	153
💸	197	179	161	154
💹	52	193	56	244
💺	88	95	116	123
💻	74	74	74	217
💼	100	76	62	186
💽	157	151	131	250
💾	155	159	161	245
💿	210	208	206	190
📀	210	197	164	190
📁	153	161	168	168
📂	144	154	163	168
📃	205	204	204	187
📄	209	207	207	188
📅	192	166	165	242
📆	175	152	152	225
📇	163	156	152	186
📈	205	198	206	213
📉	191	206	222	213
📊	147	173	175	213
📋	200	190	178	200
📌	201	133	133	75
📍	195	147	142	57
📎	41	45	50	66
📏	185	193	206	89
📐	190	197	208	114
📑	204	205	207	218
📒	199	176	63	171
📓	131	131	131	165
📔	185	147	95	165
📕	175	78	72	165
📖	147	159	168	159
📗	120	151	76	165
📘	71	125	166	165
📙	193	128	47	165
📚	127	131	115	141
📛	230	132	114	153
📜	185	155	123	211
📝	218	209	195	215
📞	152	151	152	80
📟	92	124	96	194
📠	185	151	144	149
📡	187	189	192	164
📢	196	197	198	149
📣	183	165	119	131
📤	189	195	213	168
📥	188	193	211	168
📦	172	138	109	180
📧	211	170	175	158
📨	196	199	203	196
📩	224	198	198	177
📪	101	129	144	160
📫	102	126	142	160
📬	114	121	129	159
📭	103	114	122	160
📮	199	86	86	144
📯	56	39	21	65
📰	169	157	157	223
📱	150	153	151	137
📲	85	106	123	152
📳	249	170	50	244
📴	249	179	76	244
📵	188	116	94	165
📶	142	166	187	244
📷	152	152	152	168
📸	144	128	105	175
📹	132	118	120	173
📺	124	116	109	233
📻	161	144	115	172
📼	133	94	94	157
📽	86	87	86	150
📿	109	79	75	58
🔀	140	164	185	244
🔁	142	165	186	244
🔂	143	166	187	244
🔃	142	165	186	244
🔄	144	167	187	241
🔅	251	205	108	53
🔆	247	162	23	77
🔇	173	132	134	139
🔈	171	172	174	132
🔉	170	177	180	136
🔊	152	167	171	142
🔋	132	173	112	159
🔌	137	132	124	100
🔍	187	188	191	113
🔎	191	194	198	114
🔏	146	145	131	152
🔐	188	161	111	156
🔑	215	188	124	94
🔒	174	155	128	117
🔓	161	157	130	120
🔔	171	150	99	141
🔕	181	127	87	152
🔖	232	211	207	136
🔗	166	166	167	88
🔘	148	147	147	162
🔙	105	105	105	95
🔚	117	117	117	87
🔛	100	100	100	90
🔜	103	103	103	98
🔝	142	142	142	61
🔞	198	125	104	165
🔟	142	165	186	244
🔠	137	161	183	244
🔡	134	158	181	244
🔢	132	158	181	244
🔣	130	156	180	244
🔤	130	156	180	244
🔥	246	154	113	120
🔦	162	163	164	103
🔧	27	27	29	53
🔨	20	21	22	50
🔩	191	184	185	102
🔪	185	186	186	67
🔫	170	188	118	112
🔬	163	169	173	101
🔭	200	197	196	75
🔮	176	131	165	165
🔯	172	98	192	244
🔰	162	184	129	150
🔱	190	144	30	89
🔲	117	117	117	253
🔳	128	127	127	253
🔴	199	38	37	199
🔵	22	92	192	199
🔶	241	141	15	125
🔷	15	98	176	125
🔸	246	188	114	73
🔹	114	163	208	73
🔺	237	155	147	60
🔻	235	142	131	61
🔼	139	163	185	244
🔽	138	162	184	244
🕉	172	99	192	244
🕊	191	191	182	94
🕋	93	90	83	197
🕌	193	155	125	170
🕍	168	136	100	189
🕎	175	105	193	244
🕐	205	205	206	196
🕑	205	205	206	196
🕒	205	205	206	196
🕓	205	205	206	196
🕔	205	205	206	196
🕕	205	205	206	196
🕖	205	205	206	196
🕗	205	205	206	196
🕘	205	205	206	196
🕙	205	205	206	196
🕚	205	205	206	196
🕛	206	206	207	196
🕜	205	205	206	196
🕝	205	205	206	196
🕞	205	205	206	196
🕟	206	205	206	196
🕠	206	206	207	196
🕡	207	206	207	196
🕢	206	206	207	196
🕣	206	205	206	196
🕤	205	205	206	196
🕥	205	205	206	196
🕦	205	205	206	196
🕧	206	205	207	196
🕯	205	180	154	99
🕰	171	137	120	185
🕳	192	192	192	72
🕴	197	189	179	36
🕵	89	77	49	148
🕶	181	182	181	66
🕷	16	16	16	50
🕸	175	175	175	42
🕹	85	47	49	121
🕺	120	68	85	67
🖇	59	61	64	85
🖊	162	160	162	75
🖋	168	166	168	78
🖌	150	149	165	73
🖍	200	138	138	80
🖐	215	148	31	118
🖕	219	150	23	72
🖖	219	152	32	115
🖤	87	87	87	148
🖥	100	85	86	203
🖨	138	138	140	201
🖱	227	226	227	132
🖲	60	69	89	194
🖼	176	184	88	248
🗂	224	170	137	183
🗃	112	109	104	150
🗄	112	118	119	211
🗑	150	152	157	117
🗒	211	214	217	202
🗓	208	196	196	202
🗜	153	159	162	96
🗝	162	158	159	57
🗞	188	183	182	117
🗡	177	187	197	46
🗣	101	122	142	105
🗨	128	128	128	119
🗯	201	202	202	143
🗳	148	175	177	134
🗺	147	165	171	206
🗻	48	56	69	78
🗼	163	82	71	61
🗽	139	176	169	64
🗾	136	179	222	250
🗿	142	140	135	132
😀	224	161	53	166
😁	224	163	59	166
😂	210	162	69	172
😃	222	159	51	166
😄	223	160	52	166
😅	203	158	68	167
😆	223	160	52	166
😇	203	162	81	183
😈	144	71	159	179
😉	230	164	47	166
😊	232	161	44	166
😋	231	163	51	166
😌	230	164	47	166
😍	228	143	45	166
😎	203	143	46	166
😏	230	165	48	166
😐	231	165	47	166
😑	232	166	48	166
😒	230	165	48	166
😓	207	166	70	169
😔	230	165	48	166
😕	233	167	48	166
😖	230	165	48	166
😗	233	167	48	166
😘	230	156	49	170
😙	233	164	48	166
😚	231	162	46	166
😛	229	161	55	167
😜	225	159	64	167
😝	228	159	55	167
😞	232	167	48	166
😟	229	163	47	166
😠	231	165	48	166
😡	233	100	26	166
😢	223	166	58	166
😣	229	164	47	166
😤	219	173	85	176
😥	223	167	58	168
😦	232	165	49	166
😧	229	163	46	166
😨	182	149	93	166
😩	222	156	45	166
😪	207	166	74	170
😫	222	155	44	166
😬	227	166	61	166
😭	207	159	70	166
😮	231	165	47	166
😯	231	165	47	166
😰	175	151	105	168
😱	184	152	111	177
😲	228	162	46	166
😳	222	156	66	166
😴	208	152	60	171
😵	224	157	43	166
😶	234	168	48	166
😷	228	174	81	166
😸	193	154	72	147
😹	174	158	95	157
😺	194	156	74	148
😻	197	142	66	147
😼	197	157	69	147
😽	201	154	69	147
😾	195	155	68	147
😿	192	160	80	147
🙀	182	146	62	164
🙁	232	166	47	166
🙂	233	167	48	166
🙃	233	167	48	166
🙄	225	167	69	166
🙅	174	126	105	162
🙆	154	90	101	197
🙇	170	161	125	137
🙈	178	141	104	158
🙉	180	144	104	175
🙊	181	142	104	155
🙋	205	148	91	167
🙌	183	133	43	108
🙍	117	82	43	145
🙎	114	79	43	144
🙏	158	114	49	111
🚀	116	66	62	114
🚁	158	123	123	90
🚂	157	111	102	136
🚃	176	185	146	150
🚄	169	175	181	132
🚅	182	187	191	138
🚆	124	139	153	150
🚇	81	76	75	180
🚈	120	134	152	186
🚉	92	98	99	156
🚊	74	85	85	147
🚋	91	95	86	134
🚌	135	133	100	200
🚍	142	147	138	168
🚎	65	95	113	175
🚏	112	111	124	79
🚐	112	120	119	175
🚑	136	116	120	169
🚒	178	98	98	175
🚓	100	103	105	143
🚔	106	114	118	173
🚕	119	111	69	142
🚖	122	115	85	168
🚗	95	41	40	138
🚘	123	68	70	164
🚙	67	112	131	162
🚚	132	87	47	169
🚛	62	105	67	183
🚜	71	67	29	146
🚝	95	105	116	180
🚞	148	158	136	212
🚟	125	129	119	169
🚠	132	118	121	120
🚡	145	142	124	87
🚢	184	155	149	149
🚣	153	105	67	64
🚤	219	212	181	75
🚥	83	80	72	108
🚦	140	137	127	111
🚧	173	150	94	143
🚨	213	128	119	164
🚩	177	103	103	67
🚪	166	127	105	147
🚫	226	128	107	109
🚬	130	127	124	60
🚭	190	118	97	165
🚮	133	158	181	244
🚯	195	123	101	165
🚰	172	179	183	75
🚱	196	124	102	166
🚲	170	174	180	55
🚳	189	117	95	166
🚴	88	75	64	101
🚵	144	138	122	208
🚶	159	93	96	48
🚷	192	120	99	165
🚸	208	170	49	138
🚹	36	127	223	244
🚺	169	91	190	244
🚻	144	167	188	244
🚼	250	174	60	244
🚽	208	201	200	116
🚾	56	138	225	244
🚿	68	107	111	44
🛀	194	194	174	120
🛁	198	198	200	134
🛂	46	132	223	244
🛃	50	135	224	244
🛄	72	146	226	244
🛅	57	138	224	244
🛋	173	189	209	122
🛌	186	142	140	122
🛍	234	148	156	188
🛎	163	137	88	166
🛏	188	141	138	98
🛐	166	85	188	244
🛑	226	86	54	196
🛒	106	102	102	60
🛠	43	44	47	95
🛡	183	163	160	127
🛢	172	117	117	162
🛣	80	97	68	145
🛤	76	70	48	148
🛥	150	171	180	96
🛩	74	78	82	112
🛫	65	82	92	65
🛬	90	104	121	69
🛰	112	114	123	119
🛳	183	175	179	156
🛴	89	93	96	47
🛵	187	167	130	114
🛶	58	41	20	71
🛷	160	107	107	65
🛸	174	185	187	65
🤐	220	164	65	171
🤑	216	165	46	167
🤒	231	157	52	166
🤓	216	154	48	166
🤔	232	169	50	171
🤕	218	163	77	168
🤖	152	176	177	157
🤗	230	156	50	185
🤘	204	138	27	102
🤙	228	165	35	128
🤚	233	172	56	115
🤛	153	107	29	113
🤜	147	104	27	113
🤝	184	142	34	109
🤞	191	128	26	100
🤟	223	163	61	111
🤠	183	137	55	155
🤡	200	152	127	183
🤢	130	159	18	166
🤣	206	161	62	168
🤤	217	163	48	166
🤥	219	163	48	168
🤦	189	169	105	150
🤧	216	169	69	173
🤨	235	184	75	166
🤩	216	162	68	170
🤪	225	176	99	167
🤫	237	181	78	168
🤬	199	129	81	167
🤭	233	177	78	168
🤮	177	177	65	168
🤯	223	159	56	173
🤰	187	131	109	106
🤱	188	166	131	129
🤲	235	191	81	156
🤳	155	144	122	71
🤴	197	157	40	114
🤵	175	142	61	123
🤶	115	97	64	131
🤷	150	96	76	135
🤸	32	30	18	46
🤹	137	130	99	117
🤺	173	166	163	81
🤼	153	114	65	104
🤽	232	196	135	77
🤾	172	140	104	75
🥀	130	100	82	90
🥁	199	170	160	123
🥂	198	187	160	71
🥃	203	177	148	209
🥄	43	50	58	51
🥅	52	23	22	62
🥐	180	116	30	157
🥑	144	140	79	158
🥒	93	133	68	129
🥓	170	69	43	123
🥔	173	129	81	158
🥕	177	152	90	70
🥖	151	116	80	101
🥗	147	155	109	192
🥘	105	77	42	185
🥙	126	116	83	137
🥚	217	213	206	140
🥛	225	224	222	127
🥜	165	123	67	159
🥝	170	163	85	184
🥞	202	174	130	151
🥟	218	185	143	156
🥠	210	184	141	146
🥡	210	206	207	180
🥢	160	128	128	43
🥣	172	196	224	106
🥤	225	196	196	84
🥥	170	147	119	172
🥦	108	145	78	157
🥧	214	171	122	125
🥨	207	146	108	133
🥩	203	134	126	132
🥪	214	178	117	134
🥫	219	181	175	135
🦀	165	57	34	110
🦁	202	149	75	174
🦂	137	82	23	67
🦃	145	114	104	164
🦄	188	149	196	126
🦅	119	110	104	110
🦆	56	51	46	99
🦇	126	112	103	123
🦈	158	167	170	109
🦉	172	156	144	115
🦊	185	113	52	156
🦋	50	92	113	125
🦌	183	165	148	78
🦍	135	134	133	143
🦎	25	41	21	63
🦏	106	104	102	103
🦐	210	135	109	118
🦑	187	120	109	137
🦒	200	148	77	58
🦓	92	88	85	89
🦔	185	165	149	115
🦕	58	137	153	82
🦖	110	137	47	88
🦗	156	139	118	67
🧀	211	165	42	123
🧐	228	181	82	167
🧑	230	186	88	159
🧒	228	183	72	180
🧓	215	174	74	173
🧔	224	182	84	166
🧕	153	131	139	136
🧖	221	221	193	174
🧗	161	122	88	130
🧘	219	172	85	89
🧙	128	117	83	123
🧚	176	188	153	109
🧛	118	96	78	157
🧜	170	149	113	91
🧝	196	182	117	158
🧞	110	158	167	73
🧟	97	104	92	158
🧠	212	148	166	152
🧡	234	138	48	148
🧢	136	178	241	94
🧣	217	138	135	86
🧤	105	187	151	123
🧥	207	172	111	126
🧦	172	153	135	114
⌚	77	75	75	144
⌛	192	179	169	129
⏩	141	164	186	244
⏪	141	164	186	244
⏫	141	164	186	244
⏬	140	164	185	244
⏭	143	166	187	244
⏮	143	166	187	244
⏯	145	168	188	244
⏰	209	163	164	198
⏱	188	187	188	149
⏲	201	199	198	202
⏳	187	174	162	129
⏸	136	161	183	244
⏹	152	172	192	244
⏺	144	167	188	244
☝	209	139	25	95
♈	169	93	190	244
♉	170	94	191	244
♊	172	99	192	244
♋	171	97	191	244
♌	173	100	193	244
♍	175	105	194	244
♎	173	100	193	244
♏	172	98	192	244
♐	172	99	192	244
♑	173	100	193	244
♒	170	94	190	244
♓	170	95	191	244
♿	58	139	225	244
⚡	217	151	40	43
⚽	181	181	181	180
⚾	197	186	183	187
⛄	171	179	182	125
⛅	205	203	183	146
⛈	167	192	196	139
⛎	177	108	195	244
⛏	47	44	43	40
⛑	151	77	70	135
⛓	167	167	168	91
⛔	236	146	121	165
⛩	108	35	20	95
⛪	163	154	161	140
⛰	90	98	92	102
⛱	159	106	83	105
⛲	153	176	174	91
⛳	161	138	65	78
⛴	169	176	194	139
⛵	172	124	79	99
⛷	171	156	154	67
⛸	152	151	151	139
⛹	51	48	33	83
⛺	151	63	36	106
⛽	185	116	118	150
✅	42	191	48	244
✊	199	139	35	160
✋	219	152	32	117
✌	192	131	26	104
✨	238	174	93	35
❌	111	2	2	118
❎	50	193	55	244
❓	202	173	173	32
❔	204	204	204	32
❕	248	248	248	34
❗	247	205	205	34
➕	159	159	159	59
➖	231	231	231	33
➗	160	160	160	55
➰	170	170	170	38
➿	201	201	201	38
⤴	135	160	183	244
⤵	135	160	182	244
⭐	233	205	129	113
⭕	233	5	5	109
